1,20,1.0
2,7,1.0
2,23,1.0
3,45,1.0
4,7,1.0
4,19,1.0
4,25,1.0
5,7,1.0
5,20,1.0
5,23,1.0
5,25,1.0
5,45,1.0
6,1,1.0
6,7,1.0
6,23,1.0
6,24,1.0
6,25,1.0
6,27,1.0
6,36,1.0
7,1,1.0
7,2,1.0
7,5,1.0
7,8,1.0
7,25,1.0
7,27,1.0
7,28,1.0
8,7,1.0
8,27,1.0
8,32,1.0
9,20,1.0
9,45,1.0
10,7,1.0
10,25,1.0
11,27,1.0
12,23,1.0
12,25,1.0
13,2,1.0
13,7,1.0
13,16,1.0
13,27,1.0
13,41,1.0
14,1,1.0
14,16,1.0
14,20,1.0
14,23,1.0
14,24,1.0
14,25,1.0
15,23,1.0
15,25,1.0
15,45,1.0
16,1,1.0
16,2,1.0
16,20,1.0
16,31,1.0
16,41,1.0
16,44,1.0
16,45,1.0
16,48,1.0
17,25,1.0
17,45,1.0
18,20,1.0
20,7,1.0
21,25,1.0
22,7,1.0
22,23,1.0
23,7,1.0
23,25,1.0
24,44,1.0
24,45,1.0
25,7,1.0
25,21,1.0
26,7,1.0
27,23,1.0
27,45,1.0
28,7,1.0
28,27,1.0
28,44,1.0
29,7,1.0
29,44,1.0
30,23,1.0
30,25,1.0
32,19,1.0
32,20,1.0
33,23,1.0
34,23,1.0
35,7,1.0
36,37,1.0
36,45,1.0
37,7,1.0
37,23,1.0
37,25,1.0
38,7,1.0
38,23,1.0
39,7,1.0
39,20,1.0
39,23,1.0
39,25,1.0
39,45,1.0
40,7,1.0
40,23,1.0
41,7,1.0
41,27,1.0
42,1,1.0
42,2,1.0
42,20,1.0
42,23,1.0
42,30,1.0
43,7,1.0
44,7,1.0
45,7,1.0
45,27,1.0
47,4,1.0
47,7,1.0
47,25,1.0
48,7,1.0
48,15,1.0
48,25,1.0
48,40,1.0
48,41,1.0
48,45,1.0
49,7,1.0
49,25,1.0
50,45,1.0
