1,24,1.0
2,26,1.0
3,9,1.0
4,26,1.0
5,2,1.0
5,7,1.0
5,37,1.0
6,2,1.0
7,1,1.0
7,2,1.0
9,2,1.0
10,27,1.0
11,9,1.0
12,2,1.0
12,9,1.0
12,36,1.0
13,2,1.0
13,9,1.0
13,25,1.0
13,35,1.0
14,24,1.0
15,2,1.0
15,9,1.0
15,36,1.0
16,24,1.0
17,27,1.0
18,20,1.0
18,36,1.0
19,2,1.0
19,9,1.0
19,36,1.0
20,9,1.0
21,4,1.0
21,6,1.0
21,9,1.0
21,24,1.0
21,25,1.0
22,2,1.0
23,3,1.0
23,12,1.0
23,17,1.0
23,24,1.0
23,25,1.0
23,27,1.0
23,28,1.0
23,29,1.0
24,2,1.0
24,11,1.0
24,17,1.0
24,36,1.0
24,37,1.0
25,9,1.0
25,36,1.0
26,2,1.0
26,19,1.0
27,5,1.0
28,17,1.0
28,24,1.0
28,25,1.0
28,27,1.0
28,36,1.0
28,37,1.0
29,2,1.0
29,4,1.0
29,9,1.0
29,14,1.0
29,33,1.0
29,34,1.0
30,4,1.0
30,5,1.0
30,14,1.0
30,15,1.0
30,16,1.0
30,17,1.0
30,24,1.0
30,35,1.0
30,36,1.0
30,37,1.0
31,9,1.0
32,24,1.0
33,2,1.0
33,9,1.0
33,36,1.0
35,2,1.0
35,9,1.0
35,36,1.0
36,4,1.0
36,12,1.0
36,16,1.0
36,17,1.0
36,25,1.0
36,37,1.0
37,14,1.0
38,5,1.0
38,6,1.0
39,5,1.0
39,9,1.0
39,16,1.0
39,17,1.0
39,24,1.0
39,25,1.0
39,32,1.0
39,36,1.0
39,37,1.0
39,38,1.0
40,2,1.0
40,6,1.0
40,9,1.0
