1,7,1.0
1,18,1.0
1,20,1.0
2,3,1.0
3,5,1.0
4,18,1.0
4,20,1.0
5,3,1.0
5,18,1.0
5,25,1.0
8,7,1.0
9,3,1.0
9,6,1.0
9,7,1.0
9,12,1.0
9,22,1.0
9,29,1.0
10,3,1.0
11,3,1.0
11,7,1.0
11,20,1.0
11,21,1.0
12,2,1.0
12,3,1.0
12,6,1.0
12,7,1.0
12,18,1.0
13,3,1.0
13,4,1.0
13,6,1.0
13,11,1.0
13,25,1.0
14,7,1.0
16,5,1.0
16,7,1.0
16,22,1.0
19,5,1.0
20,3,1.0
20,22,1.0
22,5,1.0
22,6,1.0
22,18,1.0
23,5,1.0
23,7,1.0
23,10,1.0
24,3,1.0
24,22,1.0
25,3,1.0
25,4,1.0
25,5,1.0
25,18,1.0
25,20,1.0
25,21,1.0
28,5,1.0
28,7,1.0
30,5,1.0
