1,23,1.0
1,25,1.0
1,30,1.0
3,24,1.0
3,71,1.0
4,5,1.0
4,14,1.0
4,17,1.0
4,18,1.0
4,25,1.0
4,35,1.0
4,52,1.0
4,53,1.0
4,62,1.0
5,30,1.0
6,2,1.0
6,43,1.0
6,67,1.0
7,43,1.0
7,52,1.0
7,67,1.0
7,71,1.0
8,25,1.0
8,47,1.0
8,53,1.0
8,54,1.0
8,64,1.0
9,5,1.0
9,18,1.0
9,47,1.0
9,62,1.0
9,67,1.0
9,71,1.0
11,25,1.0
11,67,1.0
12,25,1.0
13,14,1.0
13,18,1.0
13,35,1.0
13,54,1.0
13,59,1.0
13,64,1.0
14,24,1.0
14,71,1.0
15,67,1.0
16,25,1.0
17,4,1.0
17,18,1.0
17,39,1.0
17,47,1.0
17,52,1.0
17,67,1.0
18,30,1.0
20,43,1.0
20,52,1.0
21,71,1.0
22,5,1.0
22,14,1.0
22,35,1.0
22,43,1.0
22,47,1.0
22,52,1.0
23,62,1.0
25,67,1.0
26,25,1.0
26,30,1.0
26,52,1.0
27,23,1.0
27,30,1.0
28,25,1.0
28,30,1.0
28,67,1.0
28,71,1.0
29,25,1.0
29,67,1.0
29,71,1.0
30,25,1.0
30,38,1.0
31,25,1.0
31,28,1.0
31,52,1.0
31,71,1.0
32,71,1.0
33,17,1.0
33,18,1.0
33,20,1.0
33,24,1.0
33,30,1.0
33,35,1.0
33,43,1.0
33,64,1.0
34,18,1.0
34,25,1.0
34,30,1.0
34,39,1.0
34,43,1.0
34,64,1.0
34,67,1.0
36,24,1.0
36,25,1.0
36,33,1.0
36,39,1.0
36,43,1.0
36,47,1.0
36,67,1.0
38,4,1.0
38,5,1.0
38,14,1.0
38,18,1.0
38,19,1.0
38,25,1.0
38,30,1.0
38,35,1.0
38,43,1.0
38,53,1.0
39,4,1.0
39,5,1.0
39,18,1.0
39,25,1.0
39,35,1.0
39,47,1.0
39,66,1.0
39,67,1.0
40,24,1.0
40,62,1.0
41,23,1.0
42,43,1.0
42,71,1.0
43,19,1.0
43,25,1.0
43,39,1.0
43,47,1.0
43,59,1.0
43,62,1.0
43,67,1.0
43,70,1.0
44,7,1.0
44,25,1.0
44,30,1.0
45,4,1.0
45,18,1.0
45,19,1.0
45,25,1.0
45,30,1.0
45,35,1.0
45,47,1.0
45,59,1.0
45,64,1.0
45,71,1.0
46,52,1.0
46,71,1.0
47,7,1.0
48,18,1.0
48,19,1.0
48,30,1.0
48,36,1.0
48,43,1.0
48,53,1.0
48,67,1.0
49,43,1.0
49,67,1.0
49,71,1.0
50,62,1.0
51,4,1.0
51,14,1.0
51,25,1.0
51,39,1.0
51,58,1.0
51,59,1.0
51,63,1.0
51,71,1.0
53,25,1.0
53,52,1.0
53,67,1.0
54,57,1.0
56,30,1.0
56,67,1.0
56,71,1.0
57,25,1.0
57,43,1.0
58,24,1.0
59,67,1.0
60,29,1.0
60,30,1.0
60,67,1.0
60,71,1.0
61,25,1.0
61,29,1.0
62,17,1.0
62,24,1.0
62,35,1.0
62,64,1.0
62,67,1.0
62,71,1.0
63,2,1.0
63,25,1.0
63,52,1.0
64,69,1.0
65,52,1.0
65,67,1.0
66,14,1.0
66,17,1.0
66,18,1.0
66,19,1.0
66,24,1.0
66,25,1.0
66,35,1.0
66,38,1.0
67,71,1.0
68,4,1.0
68,24,1.0
68,25,1.0
68,47,1.0
68,50,1.0
69,52,1.0
70,24,1.0
70,62,1.0
71,6,1.0
71,14,1.0
71,18,1.0
71,53,1.0
71,64,1.0
72,24,1.0
73,26,1.0
73,71,1.0
74,25,1.0
74,28,1.0
74,67,1.0
75,4,1.0
75,14,1.0
75,18,1.0
75,24,1.0
75,25,1.0
75,30,1.0
75,35,1.0
75,53,1.0
75,67,1.0
75,71,1.0
