2,64,1.0
2,82,1.0
2,86,1.0
2,127,1.0
2,136,1.0
3,64,1.0
3,98,1.0
3,188,1.0
3,191,1.0
4,105,1.0
4,127,1.0
5,127,1.0
5,186,1.0
6,169,1.0
7,127,1.0
7,149,1.0
7,170,1.0
8,1,1.0
8,23,1.0
8,82,1.0
8,175,1.0
9,64,1.0
9,97,1.0
9,186,1.0
10,1,1.0
10,7,1.0
10,28,1.0
10,64,1.0
10,67,1.0
10,70,1.0
10,75,1.0
10,89,1.0
10,97,1.0
10,99,1.0
10,109,1.0
10,122,1.0
10,124,1.0
10,136,1.0
10,141,1.0
10,163,1.0
10,173,1.0
10,184,1.0
10,185,1.0
11,64,1.0
11,82,1.0
11,136,1.0
12,2,1.0
12,4,1.0
12,7,1.0
12,15,1.0
12,18,1.0
12,27,1.0
12,28,1.0
12,37,1.0
12,40,1.0
12,64,1.0
12,68,1.0
12,75,1.0
12,109,1.0
12,122,1.0
12,133,1.0
12,140,1.0
12,148,1.0
12,153,1.0
12,160,1.0
12,163,1.0
12,184,1.0
13,23,1.0
13,59,1.0
13,175,1.0
14,1,1.0
14,4,1.0
14,7,1.0
14,22,1.0
14,29,1.0
14,38,1.0
14,49,1.0
14,59,1.0
14,70,1.0
14,75,1.0
14,89,1.0
14,109,1.0
14,112,1.0
14,124,1.0
14,127,1.0
14,130,1.0
14,133,1.0
14,136,1.0
14,137,1.0
14,138,1.0
14,145,1.0
14,161,1.0
14,173,1.0
14,187,1.0
15,48,1.0
15,64,1.0
15,136,1.0
16,2,1.0
16,12,1.0
16,18,1.0
16,49,1.0
16,52,1.0
16,64,1.0
16,67,1.0
16,75,1.0
16,112,1.0
16,122,1.0
16,144,1.0
16,163,1.0
16,173,1.0
16,175,1.0
16,186,1.0
16,189,1.0
17,1,1.0
17,18,1.0
17,23,1.0
17,59,1.0
17,78,1.0
18,64,1.0
18,149,1.0
19,127,1.0
20,82,1.0
20,175,1.0
21,18,1.0
21,78,1.0
21,82,1.0
23,12,1.0
23,16,1.0
23,18,1.0
23,28,1.0
23,37,1.0
23,49,1.0
23,52,1.0
23,59,1.0
23,70,1.0
23,75,1.0
23,86,1.0
23,93,1.0
23,109,1.0
23,120,1.0
23,132,1.0
23,137,1.0
23,140,1.0
23,144,1.0
23,148,1.0
23,153,1.0
23,160,1.0
23,187,1.0
24,12,1.0
24,23,1.0
24,28,1.0
24,29,1.0
24,38,1.0
24,49,1.0
24,52,1.0
24,59,1.0
24,64,1.0
24,72,1.0
24,75,1.0
24,89,1.0
24,92,1.0
24,93,1.0
24,99,1.0
24,103,1.0
24,109,1.0
24,112,1.0
24,122,1.0
24,140,1.0
24,148,1.0
24,173,1.0
24,175,1.0
25,23,1.0
26,11,1.0
26,12,1.0
26,18,1.0
26,28,1.0
26,37,1.0
26,52,1.0
26,59,1.0
26,64,1.0
26,67,1.0
26,70,1.0
26,75,1.0
26,87,1.0
26,109,1.0
26,116,1.0
26,124,1.0
26,127,1.0
26,131,1.0
26,141,1.0
26,144,1.0
26,148,1.0
26,160,1.0
26,163,1.0
26,173,1.0
26,175,1.0
26,187,1.0
27,1,1.0
27,7,1.0
27,23,1.0
27,28,1.0
27,29,1.0
27,30,1.0
27,60,1.0
27,64,1.0
27,70,1.0
27,87,1.0
27,89,1.0
27,99,1.0
27,109,1.0
27,116,1.0
27,119,1.0
27,127,1.0
27,143,1.0
27,153,1.0
27,166,1.0
27,171,1.0
27,173,1.0
27,183,1.0
27,187,1.0
28,20,1.0
28,64,1.0
28,82,1.0
28,97,1.0
29,7,1.0
29,12,1.0
29,27,1.0
29,52,1.0
29,64,1.0
29,93,1.0
29,99,1.0
29,116,1.0
29,137,1.0
29,140,1.0
29,144,1.0
29,146,1.0
29,148,1.0
29,153,1.0
29,163,1.0
29,173,1.0
29,175,1.0
29,187,1.0
30,23,1.0
30,59,1.0
30,78,1.0
31,59,1.0
31,171,1.0
31,175,1.0
32,2,1.0
32,12,1.0
32,18,1.0
32,30,1.0
32,49,1.0
32,51,1.0
32,52,1.0
32,75,1.0
32,76,1.0
32,82,1.0
32,88,1.0
32,89,1.0
32,97,1.0
32,99,1.0
32,112,1.0
32,122,1.0
32,136,1.0
32,144,1.0
32,148,1.0
32,160,1.0
32,163,1.0
32,173,1.0
32,175,1.0
32,188,1.0
33,18,1.0
33,28,1.0
33,37,1.0
33,49,1.0
33,59,1.0
33,64,1.0
33,75,1.0
33,89,1.0
33,99,1.0
33,105,1.0
33,116,1.0
33,120,1.0
33,140,1.0
33,144,1.0
33,148,1.0
33,153,1.0
33,166,1.0
33,171,1.0
33,175,1.0
33,187,1.0
34,27,1.0
34,191,1.0
35,15,1.0
35,64,1.0
35,188,1.0
36,59,1.0
36,82,1.0
36,114,1.0
37,57,1.0
37,64,1.0
37,77,1.0
37,82,1.0
37,97,1.0
37,105,1.0
37,127,1.0
37,136,1.0
38,64,1.0
38,82,1.0
39,64,1.0
39,74,1.0
39,105,1.0
40,98,1.0
42,97,1.0
42,98,1.0
43,7,1.0
43,18,1.0
43,23,1.0
43,28,1.0
43,37,1.0
43,40,1.0
43,46,1.0
43,49,1.0
43,64,1.0
43,75,1.0
43,89,1.0
43,93,1.0
43,109,1.0
43,127,1.0
43,137,1.0
43,153,1.0
43,171,1.0
43,184,1.0
43,187,1.0
44,12,1.0
44,23,1.0
44,28,1.0
44,38,1.0
44,49,1.0
44,52,1.0
44,59,1.0
44,64,1.0
44,89,1.0
44,109,1.0
44,112,1.0
44,122,1.0
44,125,1.0
44,140,1.0
44,148,1.0
44,153,1.0
44,163,1.0
45,64,1.0
46,127,1.0
46,188,1.0
47,1,1.0
47,4,1.0
47,7,1.0
47,12,1.0
47,17,1.0
47,27,1.0
47,29,1.0
47,49,1.0
47,52,1.0
47,59,1.0
47,64,1.0
47,82,1.0
47,89,1.0
47,101,1.0
47,112,1.0
47,117,1.0
47,127,1.0
47,137,1.0
47,140,1.0
47,148,1.0
47,153,1.0
47,160,1.0
47,173,1.0
47,174,1.0
47,187,1.0
48,4,1.0
48,6,1.0
48,41,1.0
48,52,1.0
48,75,1.0
48,80,1.0
48,82,1.0
48,112,1.0
48,140,1.0
48,148,1.0
48,166,1.0
48,173,1.0
48,175,1.0
48,184,1.0
48,186,1.0
48,187,1.0
49,82,1.0
49,98,1.0
49,188,1.0
50,20,1.0
50,64,1.0
50,136,1.0
50,186,1.0
50,188,1.0
51,27,1.0
51,64,1.0
51,77,1.0
51,127,1.0
51,136,1.0
52,64,1.0
52,149,1.0
53,23,1.0
53,47,1.0
53,59,1.0
54,27,1.0
54,64,1.0
55,4,1.0
55,7,1.0
55,12,1.0
55,14,1.0
55,28,1.0
55,32,1.0
55,49,1.0
55,52,1.0
55,64,1.0
55,67,1.0
55,70,1.0
55,89,1.0
55,99,1.0
55,109,1.0
55,112,1.0
55,127,1.0
55,129,1.0
55,134,1.0
55,137,1.0
55,140,1.0
55,148,1.0
55,152,1.0
55,160,1.0
55,163,1.0
55,166,1.0
55,178,1.0
55,187,1.0
56,43,1.0
56,188,1.0
57,7,1.0
57,9,1.0
57,18,1.0
57,23,1.0
57,29,1.0
57,49,1.0
57,52,1.0
57,65,1.0
57,112,1.0
57,122,1.0
57,148,1.0
57,153,1.0
57,182,1.0
57,183,1.0
58,7,1.0
58,12,1.0
58,23,1.0
58,49,1.0
58,52,1.0
58,59,1.0
58,75,1.0
58,77,1.0
58,88,1.0
58,89,1.0
58,98,1.0
58,99,1.0
58,109,1.0
58,115,1.0
58,117,1.0
58,122,1.0
58,137,1.0
58,153,1.0
58,160,1.0
58,163,1.0
58,171,1.0
58,173,1.0
58,188,1.0
59,136,1.0
60,58,1.0
60,77,1.0
60,82,1.0
61,86,1.0
62,23,1.0
62,28,1.0
62,29,1.0
62,39,1.0
62,59,1.0
62,75,1.0
62,97,1.0
62,99,1.0
62,109,1.0
62,127,1.0
62,133,1.0
62,137,1.0
62,148,1.0
62,166,1.0
62,171,1.0
62,173,1.0
62,175,1.0
62,186,1.0
63,1,1.0
63,18,1.0
63,175,1.0
64,98,1.0
64,128,1.0
65,98,1.0
66,7,1.0
66,28,1.0
66,35,1.0
66,38,1.0
66,49,1.0
66,64,1.0
66,67,1.0
66,70,1.0
66,77,1.0
66,78,1.0
66,82,1.0
66,89,1.0
66,98,1.0
66,112,1.0
66,113,1.0
66,116,1.0
66,117,1.0
66,122,1.0
66,141,1.0
66,153,1.0
66,158,1.0
66,163,1.0
66,166,1.0
66,171,1.0
66,173,1.0
66,186,1.0
67,43,1.0
67,97,1.0
67,149,1.0
68,82,1.0
68,186,1.0
69,64,1.0
69,82,1.0
69,186,1.0
70,20,1.0
70,98,1.0
70,136,1.0
70,186,1.0
71,77,1.0
72,23,1.0
72,82,1.0
72,175,1.0
73,78,1.0
73,90,1.0
74,7,1.0
74,23,1.0
74,28,1.0
74,59,1.0
74,64,1.0
74,67,1.0
74,88,1.0
74,89,1.0
74,95,1.0
74,98,1.0
74,109,1.0
74,115,1.0
74,148,1.0
74,153,1.0
74,166,1.0
74,186,1.0
74,188,1.0
74,189,1.0
75,23,1.0
75,171,1.0
76,150,1.0
76,175,1.0
77,4,1.0
77,12,1.0
77,21,1.0
77,23,1.0
77,24,1.0
77,28,1.0
77,45,1.0
77,49,1.0
77,52,1.0
77,59,1.0
77,64,1.0
77,70,1.0
77,75,1.0
77,76,1.0
77,89,1.0
77,97,1.0
77,116,1.0
77,124,1.0
77,127,1.0
77,133,1.0
77,137,1.0
77,163,1.0
77,175,1.0
77,186,1.0
77,187,1.0
78,64,1.0
79,77,1.0
79,98,1.0
79,188,1.0
80,64,1.0
80,136,1.0
81,44,1.0
81,97,1.0
81,186,1.0
82,27,1.0
82,127,1.0
82,136,1.0
83,43,1.0
83,64,1.0
83,82,1.0
83,127,1.0
83,186,1.0
84,7,1.0
84,22,1.0
84,28,1.0
84,41,1.0
84,52,1.0
84,56,1.0
84,59,1.0
84,64,1.0
84,75,1.0
84,82,1.0
84,89,1.0
84,98,1.0
84,99,1.0
84,109,1.0
84,116,1.0
84,124,1.0
84,140,1.0
84,163,1.0
84,171,1.0
84,175,1.0
84,187,1.0
85,1,1.0
85,23,1.0
85,28,1.0
85,49,1.0
85,52,1.0
85,67,1.0
85,78,1.0
85,82,1.0
85,88,1.0
85,98,1.0
85,112,1.0
85,114,1.0
85,117,1.0
85,127,1.0
85,145,1.0
85,146,1.0
85,155,1.0
85,163,1.0
85,173,1.0
85,188,1.0
86,43,1.0
86,98,1.0
87,82,1.0
88,1,1.0
88,23,1.0
89,1,1.0
89,18,1.0
89,82,1.0
89,175,1.0
90,4,1.0
90,12,1.0
90,16,1.0
90,28,1.0
90,29,1.0
90,49,1.0
90,59,1.0
90,67,1.0
90,75,1.0
90,94,1.0
90,98,1.0
90,99,1.0
90,109,1.0
90,112,1.0
90,113,1.0
90,116,1.0
90,120,1.0
90,140,1.0
90,143,1.0
90,148,1.0
90,160,1.0
90,163,1.0
90,171,1.0
90,175,1.0
91,48,1.0
91,64,1.0
91,68,1.0
91,82,1.0
91,127,1.0
91,190,1.0
92,64,1.0
92,77,1.0
92,97,1.0
92,98,1.0
92,136,1.0
93,64,1.0
93,127,1.0
93,186,1.0
93,190,1.0
94,64,1.0
94,77,1.0
94,97,1.0
94,136,1.0
94,188,1.0
95,64,1.0
95,82,1.0
95,188,1.0
96,64,1.0
96,82,1.0
96,186,1.0
97,13,1.0
97,64,1.0
97,74,1.0
97,82,1.0
97,127,1.0
97,186,1.0
98,77,1.0
98,136,1.0
99,1,1.0
99,59,1.0
99,82,1.0
100,23,1.0
100,175,1.0
101,27,1.0
101,186,1.0
102,2,1.0
102,8,1.0
102,38,1.0
102,49,1.0
102,64,1.0
102,70,1.0
102,75,1.0
102,78,1.0
102,82,1.0
102,99,1.0
102,116,1.0
102,124,1.0
102,133,1.0
102,137,1.0
102,160,1.0
102,163,1.0
102,173,1.0
102,175,1.0
102,188,1.0
103,19,1.0
103,78,1.0
104,23,1.0
104,59,1.0
104,118,1.0
104,171,1.0
105,18,1.0
105,23,1.0
105,82,1.0
105,114,1.0
105,175,1.0
106,1,1.0
106,6,1.0
106,12,1.0
106,23,1.0
106,28,1.0
106,42,1.0
106,49,1.0
106,64,1.0
106,70,1.0
106,75,1.0
106,77,1.0
106,78,1.0
106,86,1.0
106,92,1.0
106,99,1.0
106,109,1.0
106,132,1.0
106,133,1.0
106,136,1.0
106,140,1.0
106,147,1.0
106,159,1.0
106,163,1.0
106,166,1.0
106,171,1.0
106,173,1.0
106,175,1.0
106,187,1.0
107,64,1.0
107,136,1.0
107,188,1.0
108,77,1.0
108,82,1.0
109,64,1.0
110,16,1.0
110,18,1.0
110,59,1.0
110,82,1.0
111,13,1.0
111,57,1.0
112,77,1.0
112,82,1.0
113,1,1.0
113,2,1.0
113,7,1.0
113,12,1.0
113,23,1.0
113,37,1.0
113,52,1.0
113,59,1.0
113,89,1.0
113,99,1.0
113,112,1.0
113,116,1.0
113,122,1.0
113,148,1.0
113,153,1.0
113,166,1.0
113,175,1.0
113,181,1.0
113,187,1.0
113,188,1.0
114,12,1.0
114,22,1.0
114,27,1.0
114,37,1.0
114,67,1.0
114,70,1.0
114,93,1.0
114,98,1.0
114,117,1.0
114,123,1.0
114,153,1.0
114,163,1.0
114,181,1.0
115,7,1.0
115,22,1.0
115,28,1.0
115,42,1.0
115,77,1.0
115,87,1.0
115,89,1.0
115,90,1.0
115,99,1.0
115,105,1.0
115,109,1.0
115,122,1.0
115,124,1.0
115,127,1.0
115,140,1.0
115,148,1.0
115,153,1.0
115,160,1.0
115,173,1.0
115,175,1.0
115,184,1.0
115,187,1.0
116,57,1.0
116,64,1.0
116,92,1.0
116,127,1.0
116,186,1.0
116,188,1.0
117,79,1.0
117,86,1.0
118,1,1.0
118,7,1.0
118,12,1.0
118,14,1.0
118,49,1.0
118,64,1.0
118,69,1.0
118,75,1.0
118,77,1.0
118,93,1.0
118,112,1.0
118,116,1.0
118,124,1.0
118,127,1.0
118,132,1.0
118,140,1.0
118,144,1.0
118,153,1.0
118,160,1.0
119,127,1.0
119,186,1.0
119,188,1.0
120,13,1.0
120,136,1.0
121,16,1.0
121,59,1.0
121,114,1.0
121,145,1.0
121,146,1.0
121,171,1.0
121,175,1.0
122,27,1.0
122,43,1.0
122,64,1.0
122,98,1.0
123,2,1.0
123,4,1.0
123,7,1.0
123,8,1.0
123,12,1.0
123,22,1.0
123,27,1.0
123,37,1.0
123,52,1.0
123,64,1.0
123,75,1.0
123,78,1.0
123,80,1.0
123,83,1.0
123,88,1.0
123,89,1.0
123,98,1.0
123,99,1.0
123,109,1.0
123,127,1.0
123,136,1.0
123,148,1.0
123,163,1.0
123,173,1.0
123,175,1.0
123,187,1.0
124,64,1.0
124,190,1.0
125,1,1.0
125,27,1.0
125,28,1.0
125,29,1.0
125,32,1.0
125,37,1.0
125,48,1.0
125,52,1.0
125,64,1.0
125,67,1.0
125,78,1.0
125,89,1.0
125,98,1.0
125,109,1.0
125,112,1.0
125,114,1.0
125,137,1.0
125,141,1.0
125,144,1.0
125,148,1.0
125,153,1.0
125,160,1.0
125,163,1.0
125,175,1.0
126,4,1.0
126,7,1.0
126,12,1.0
126,22,1.0
126,28,1.0
126,37,1.0
126,38,1.0
126,64,1.0
126,70,1.0
126,75,1.0
126,95,1.0
126,109,1.0
126,116,1.0
126,117,1.0
126,122,1.0
126,127,1.0
126,129,1.0
126,136,1.0
126,153,1.0
126,163,1.0
126,166,1.0
126,184,1.0
126,187,1.0
127,1,1.0
127,23,1.0
128,7,1.0
128,28,1.0
128,49,1.0
128,52,1.0
128,75,1.0
128,97,1.0
128,109,1.0
128,112,1.0
128,144,1.0
128,148,1.0
128,153,1.0
128,164,1.0
128,166,1.0
128,173,1.0
129,18,1.0
129,78,1.0
129,171,1.0
129,175,1.0
130,1,1.0
130,23,1.0
130,59,1.0
130,100,1.0
130,114,1.0
130,175,1.0
131,7,1.0
131,12,1.0
131,23,1.0
131,28,1.0
131,37,1.0
131,52,1.0
131,54,1.0
131,59,1.0
131,67,1.0
131,75,1.0
131,78,1.0
131,89,1.0
131,99,1.0
131,109,1.0
131,112,1.0
131,116,1.0
131,133,1.0
131,140,1.0
131,153,1.0
131,160,1.0
131,163,1.0
131,175,1.0
131,187,1.0
131,190,1.0
132,29,1.0
132,38,1.0
132,44,1.0
132,64,1.0
132,68,1.0
132,78,1.0
132,82,1.0
132,84,1.0
132,87,1.0
132,89,1.0
132,99,1.0
132,140,1.0
132,160,1.0
133,4,1.0
133,12,1.0
133,22,1.0
133,23,1.0
133,28,1.0
133,38,1.0
133,49,1.0
133,52,1.0
133,59,1.0
133,64,1.0
133,99,1.0
133,114,1.0
133,144,1.0
133,148,1.0
133,153,1.0
133,158,1.0
133,173,1.0
133,175,1.0
133,187,1.0
134,77,1.0
134,97,1.0
134,127,1.0
135,4,1.0
135,7,1.0
135,18,1.0
135,23,1.0
135,28,1.0
135,49,1.0
135,52,1.0
135,57,1.0
135,64,1.0
135,77,1.0
135,89,1.0
135,93,1.0
135,114,1.0
135,117,1.0
135,144,1.0
135,148,1.0
135,153,1.0
135,160,1.0
135,163,1.0
135,166,1.0
135,173,1.0
135,175,1.0
135,189,1.0
136,4,1.0
136,7,1.0
136,8,1.0
136,12,1.0
136,17,1.0
136,18,1.0
136,23,1.0
136,27,1.0
136,52,1.0
136,75,1.0
136,77,1.0
136,85,1.0
136,98,1.0
136,99,1.0
136,137,1.0
136,139,1.0
136,166,1.0
136,173,1.0
136,187,1.0
136,191,1.0
137,12,1.0
137,18,1.0
137,22,1.0
137,28,1.0
137,31,1.0
137,37,1.0
137,52,1.0
137,59,1.0
137,67,1.0
137,82,1.0
137,93,1.0
137,99,1.0
137,109,1.0
137,116,1.0
137,133,1.0
137,136,1.0
137,140,1.0
137,148,1.0
137,160,1.0
137,177,1.0
137,187,1.0
138,64,1.0
138,98,1.0
138,188,1.0
139,23,1.0
139,114,1.0
139,175,1.0
140,44,1.0
140,57,1.0
140,64,1.0
140,97,1.0
140,135,1.0
141,58,1.0
141,64,1.0
141,97,1.0
141,98,1.0
142,23,1.0
142,171,1.0
142,175,1.0
143,4,1.0
143,7,1.0
143,12,1.0
143,15,1.0
143,18,1.0
143,23,1.0
143,62,1.0
143,64,1.0
143,75,1.0
143,82,1.0
143,89,1.0
143,99,1.0
143,119,1.0
143,132,1.0
143,133,1.0
143,140,1.0
143,153,1.0
143,163,1.0
143,166,1.0
143,187,1.0
143,188,1.0
144,1,1.0
144,59,1.0
145,22,1.0
145,23,1.0
145,28,1.0
145,52,1.0
145,67,1.0
145,75,1.0
145,77,1.0
145,82,1.0
145,87,1.0
145,97,1.0
145,99,1.0
145,112,1.0
145,116,1.0
145,118,1.0
145,122,1.0
145,140,1.0
145,144,1.0
145,148,1.0
145,160,1.0
145,166,1.0
145,173,1.0
146,64,1.0
146,77,1.0
146,97,1.0
146,127,1.0
146,136,1.0
147,64,1.0
147,97,1.0
147,128,1.0
148,27,1.0
148,77,1.0
148,86,1.0
148,136,1.0
149,23,1.0
149,59,1.0
149,114,1.0
149,175,1.0
150,82,1.0
150,125,1.0
150,136,1.0
151,2,1.0
151,4,1.0
151,22,1.0
151,23,1.0
151,28,1.0
151,37,1.0
151,49,1.0
151,59,1.0
151,64,1.0
151,109,1.0
151,136,1.0
151,144,1.0
151,148,1.0
151,163,1.0
151,186,1.0
151,191,1.0
152,1,1.0
152,7,1.0
152,23,1.0
152,52,1.0
152,64,1.0
152,75,1.0
152,78,1.0
152,87,1.0
152,99,1.0
152,114,1.0
152,116,1.0
152,140,1.0
152,144,1.0
152,148,1.0
152,153,1.0
152,163,1.0
152,166,1.0
152,173,1.0
152,176,1.0
152,186,1.0
153,12,1.0
153,23,1.0
153,52,1.0
153,61,1.0
153,64,1.0
153,93,1.0
153,112,1.0
153,113,1.0
153,114,1.0
153,123,1.0
153,130,1.0
153,137,1.0
153,139,1.0
153,140,1.0
153,148,1.0
153,160,1.0
153,163,1.0
153,166,1.0
153,171,1.0
153,173,1.0
153,175,1.0
153,187,1.0
154,186,1.0
155,31,1.0
155,36,1.0
155,39,1.0
155,45,1.0
155,49,1.0
155,59,1.0
155,64,1.0
155,82,1.0
155,89,1.0
155,99,1.0
155,109,1.0
155,116,1.0
155,124,1.0
155,148,1.0
155,153,1.0
155,163,1.0
155,166,1.0
155,171,1.0
155,175,1.0
156,15,1.0
156,82,1.0
156,191,1.0
157,1,1.0
157,7,1.0
157,12,1.0
157,16,1.0
157,22,1.0
157,28,1.0
157,49,1.0
157,52,1.0
157,75,1.0
157,101,1.0
157,109,1.0
157,114,1.0
157,116,1.0
157,136,1.0
157,140,1.0
157,144,1.0
157,148,1.0
157,153,1.0
157,160,1.0
157,163,1.0
157,175,1.0
157,186,1.0
158,1,1.0
158,2,1.0
158,23,1.0
158,28,1.0
158,35,1.0
158,52,1.0
158,75,1.0
158,109,1.0
158,122,1.0
158,140,1.0
158,148,1.0
158,160,1.0
159,59,1.0
159,114,1.0
159,175,1.0
160,188,1.0
161,3,1.0
161,23,1.0
161,27,1.0
161,37,1.0
161,38,1.0
161,87,1.0
161,109,1.0
161,114,1.0
161,116,1.0
161,122,1.0
161,140,1.0
161,142,1.0
161,144,1.0
161,148,1.0
161,153,1.0
161,157,1.0
161,163,1.0
161,165,1.0
161,166,1.0
161,175,1.0
161,184,1.0
162,1,1.0
162,18,1.0
162,23,1.0
162,175,1.0
163,18,1.0
163,23,1.0
163,59,1.0
163,156,1.0
164,20,1.0
164,82,1.0
164,97,1.0
164,98,1.0
164,136,1.0
164,186,1.0
165,23,1.0
165,59,1.0
165,171,1.0
165,175,1.0
167,77,1.0
167,82,1.0
167,86,1.0
168,64,1.0
168,98,1.0
168,135,1.0
168,136,1.0
168,186,1.0
170,12,1.0
170,22,1.0
170,23,1.0
170,37,1.0
170,49,1.0
170,52,1.0
170,59,1.0
170,87,1.0
170,91,1.0
170,116,1.0
170,140,1.0
170,148,1.0
170,151,1.0
170,153,1.0
170,160,1.0
170,163,1.0
170,173,1.0
170,175,1.0
170,184,1.0
170,187,1.0
171,2,1.0
171,12,1.0
171,23,1.0
171,28,1.0
171,49,1.0
171,57,1.0
171,59,1.0
171,64,1.0
171,70,1.0
171,93,1.0
171,99,1.0
171,113,1.0
171,116,1.0
171,125,1.0
171,133,1.0
171,136,1.0
171,148,1.0
171,153,1.0
171,176,1.0
171,182,1.0
172,15,1.0
172,64,1.0
172,127,1.0
172,186,1.0
172,188,1.0
173,4,1.0
173,28,1.0
173,64,1.0
173,67,1.0
173,70,1.0
173,92,1.0
173,93,1.0
173,109,1.0
173,112,1.0
173,116,1.0
173,133,1.0
173,140,1.0
173,153,1.0
173,160,1.0
173,163,1.0
173,175,1.0
173,184,1.0
174,7,1.0
174,12,1.0
174,27,1.0
174,38,1.0
174,75,1.0
174,77,1.0
174,98,1.0
174,110,1.0
174,112,1.0
174,114,1.0
174,116,1.0
174,117,1.0
174,122,1.0
174,148,1.0
174,153,1.0
174,160,1.0
174,166,1.0
174,169,1.0
174,173,1.0
174,175,1.0
174,177,1.0
174,187,1.0
175,7,1.0
175,22,1.0
175,23,1.0
175,28,1.0
175,73,1.0
175,75,1.0
175,89,1.0
175,99,1.0
175,112,1.0
175,113,1.0
175,133,1.0
175,140,1.0
175,148,1.0
175,153,1.0
175,160,1.0
175,163,1.0
175,173,1.0
175,187,1.0
176,175,1.0
177,27,1.0
177,64,1.0
177,97,1.0
177,98,1.0
178,4,1.0
178,7,1.0
178,12,1.0
178,18,1.0
178,22,1.0
178,49,1.0
178,52,1.0
178,57,1.0
178,64,1.0
178,87,1.0
178,89,1.0
178,144,1.0
178,145,1.0
178,160,1.0
178,173,1.0
178,175,1.0
179,2,1.0
179,7,1.0
179,12,1.0
179,23,1.0
179,29,1.0
179,49,1.0
179,52,1.0
179,64,1.0
179,75,1.0
179,77,1.0
179,86,1.0
179,97,1.0
179,99,1.0
179,112,1.0
179,122,1.0
179,126,1.0
179,127,1.0
179,136,1.0
179,140,1.0
179,145,1.0
179,153,1.0
179,169,1.0
179,173,1.0
179,175,1.0
179,187,1.0
180,23,1.0
180,82,1.0
180,171,1.0
180,175,1.0
181,188,1.0
181,190,1.0
182,23,1.0
182,164,1.0
182,175,1.0
183,27,1.0
183,97,1.0
183,98,1.0
183,188,1.0
184,12,1.0
184,27,1.0
184,28,1.0
184,37,1.0
184,42,1.0
184,44,1.0
184,52,1.0
184,75,1.0
184,81,1.0
184,87,1.0
184,89,1.0
184,109,1.0
184,112,1.0
184,114,1.0
184,116,1.0
184,118,1.0
184,124,1.0
184,133,1.0
184,136,1.0
184,148,1.0
184,153,1.0
184,175,1.0
185,4,1.0
185,23,1.0
185,28,1.0
185,52,1.0
185,57,1.0
185,75,1.0
185,97,1.0
185,109,1.0
185,112,1.0
185,114,1.0
185,122,1.0
185,133,1.0
185,136,1.0
185,140,1.0
185,148,1.0
185,153,1.0
185,159,1.0
185,160,1.0
185,163,1.0
185,173,1.0
185,175,1.0
186,41,1.0
186,127,1.0
186,190,1.0
187,98,1.0
187,188,1.0
188,44,1.0
188,77,1.0
188,127,1.0
188,191,1.0
189,7,1.0
189,23,1.0
189,37,1.0
189,49,1.0
189,52,1.0
189,64,1.0
189,70,1.0
189,75,1.0
189,78,1.0
189,87,1.0
189,88,1.0
189,92,1.0
189,99,1.0
189,103,1.0
189,112,1.0
189,114,1.0
189,137,1.0
189,144,1.0
189,153,1.0
189,160,1.0
189,163,1.0
189,187,1.0
189,188,1.0
190,6,1.0
190,20,1.0
190,22,1.0
190,23,1.0
190,28,1.0
190,37,1.0
190,48,1.0
190,49,1.0
190,52,1.0
190,59,1.0
190,67,1.0
190,75,1.0
190,82,1.0
190,89,1.0
190,96,1.0
190,99,1.0
190,114,1.0
190,136,1.0
190,137,1.0
190,144,1.0
190,148,1.0
190,160,1.0
190,173,1.0
190,188,1.0
191,4,1.0
191,7,1.0
191,37,1.0
191,44,1.0
191,49,1.0
191,52,1.0
191,93,1.0
191,99,1.0
191,112,1.0
191,117,1.0
191,122,1.0
191,136,1.0
191,140,1.0
191,148,1.0
191,171,1.0
191,173,1.0
191,187,1.0
192,16,1.0
192,77,1.0
193,2,1.0
193,12,1.0
193,28,1.0
193,29,1.0
193,38,1.0
193,64,1.0
193,89,1.0
193,114,1.0
193,136,1.0
193,140,1.0
193,143,1.0
193,163,1.0
193,175,1.0
193,187,1.0
194,64,1.0
194,127,1.0
194,136,1.0
195,80,1.0
195,82,1.0
195,98,1.0
196,1,1.0
196,12,1.0
196,22,1.0
196,38,1.0
196,49,1.0
196,52,1.0
196,54,1.0
196,78,1.0
196,82,1.0
196,88,1.0
196,89,1.0
196,99,1.0
196,112,1.0
196,148,1.0
196,165,1.0
196,184,1.0
196,187,1.0
197,5,1.0
197,64,1.0
197,136,1.0
198,64,1.0
198,77,1.0
198,127,1.0
198,188,1.0
199,64,1.0
199,82,1.0
199,86,1.0
199,188,1.0
200,64,1.0
200,82,1.0
200,127,1.0
