1,19,1.0
1,27,1.0
1,35,1.0
1,41,1.0
1,48,1.0
1,55,1.0
1,87,1.0
2,7,1.0
2,61,1.0
2,87,1.0
3,25,1.0
3,32,1.0
4,87,1.0
5,52,1.0
5,76,1.0
6,19,1.0
6,27,1.0
6,36,1.0
6,55,1.0
6,63,1.0
6,72,1.0
6,76,1.0
6,81,1.0
6,86,1.0
6,88,1.0
8,25,1.0
8,76,1.0
9,61,1.0
10,76,1.0
13,7,1.0
13,32,1.0
14,32,1.0
14,87,1.0
15,3,1.0
15,27,1.0
15,28,1.0
15,35,1.0
15,36,1.0
15,56,1.0
15,65,1.0
15,72,1.0
15,76,1.0
15,86,1.0
15,87,1.0
15,88,1.0
16,52,1.0
16,54,1.0
17,54,1.0
17,76,1.0
17,83,1.0
18,32,1.0
18,76,1.0
19,32,1.0
21,38,1.0
21,52,1.0
21,76,1.0
22,7,1.0
22,24,1.0
22,27,1.0
22,28,1.0
22,36,1.0
22,41,1.0
22,52,1.0
22,55,1.0
22,61,1.0
22,63,1.0
22,65,1.0
22,72,1.0
22,75,1.0
22,76,1.0
22,90,1.0
23,32,1.0
24,52,1.0
24,54,1.0
25,23,1.0
25,27,1.0
25,28,1.0
25,32,1.0
25,36,1.0
25,48,1.0
25,63,1.0
25,72,1.0
25,74,1.0
25,86,1.0
25,87,1.0
25,94,1.0
25,95,1.0
27,7,1.0
27,16,1.0
27,35,1.0
27,48,1.0
27,65,1.0
27,72,1.0
27,75,1.0
27,83,1.0
28,32,1.0
28,83,1.0
29,23,1.0
29,25,1.0
29,27,1.0
29,32,1.0
29,41,1.0
29,55,1.0
29,63,1.0
29,72,1.0
29,76,1.0
29,81,1.0
29,86,1.0
29,87,1.0
29,94,1.0
30,16,1.0
30,19,1.0
30,27,1.0
30,28,1.0
30,36,1.0
30,38,1.0
30,41,1.0
30,48,1.0
30,63,1.0
30,65,1.0
30,72,1.0
30,75,1.0
30,76,1.0
30,86,1.0
30,87,1.0
30,88,1.0
32,76,1.0
33,7,1.0
33,87,1.0
34,16,1.0
34,19,1.0
34,25,1.0
34,28,1.0
34,36,1.0
34,41,1.0
34,55,1.0
34,61,1.0
34,63,1.0
34,65,1.0
35,27,1.0
35,36,1.0
35,41,1.0
35,55,1.0
35,61,1.0
35,65,1.0
35,72,1.0
35,83,1.0
35,87,1.0
35,88,1.0
36,25,1.0
36,32,1.0
36,52,1.0
37,76,1.0
37,81,1.0
38,7,1.0
38,25,1.0
38,76,1.0
38,81,1.0
39,68,1.0
39,73,1.0
40,28,1.0
40,36,1.0
40,48,1.0
40,67,1.0
40,72,1.0
40,75,1.0
40,76,1.0
40,86,1.0
40,87,1.0
41,22,1.0
41,27,1.0
41,33,1.0
41,36,1.0
41,48,1.0
41,63,1.0
41,68,1.0
41,70,1.0
41,76,1.0
41,86,1.0
41,87,1.0
43,76,1.0
43,81,1.0
44,11,1.0
44,19,1.0
44,24,1.0
44,27,1.0
44,28,1.0
44,41,1.0
44,48,1.0
44,54,1.0
44,63,1.0
44,64,1.0
44,76,1.0
44,86,1.0
44,87,1.0
46,28,1.0
46,32,1.0
46,36,1.0
46,55,1.0
46,63,1.0
46,69,1.0
46,75,1.0
46,84,1.0
46,86,1.0
47,27,1.0
47,28,1.0
47,33,1.0
47,52,1.0
47,64,1.0
47,72,1.0
47,83,1.0
47,84,1.0
47,86,1.0
47,87,1.0
48,25,1.0
48,67,1.0
48,81,1.0
48,83,1.0
50,3,1.0
50,54,1.0
50,76,1.0
51,16,1.0
51,19,1.0
51,32,1.0
51,55,1.0
51,61,1.0
51,64,1.0
51,65,1.0
51,72,1.0
51,75,1.0
51,88,1.0
52,54,1.0
52,76,1.0
53,25,1.0
53,52,1.0
53,68,1.0
53,76,1.0
54,7,1.0
54,42,1.0
54,52,1.0
54,76,1.0
54,81,1.0
56,18,1.0
56,25,1.0
56,32,1.0
56,52,1.0
56,76,1.0
56,83,1.0
57,16,1.0
57,27,1.0
57,28,1.0
57,35,1.0
57,41,1.0
57,67,1.0
57,72,1.0
57,88,1.0
58,15,1.0
58,27,1.0
58,28,1.0
58,32,1.0
58,35,1.0
58,36,1.0
58,40,1.0
58,41,1.0
58,72,1.0
58,88,1.0
59,61,1.0
59,87,1.0
60,67,1.0
62,68,1.0
63,7,1.0
63,25,1.0
63,52,1.0
64,10,1.0
64,19,1.0
64,26,1.0
64,35,1.0
64,41,1.0
64,55,1.0
64,61,1.0
64,75,1.0
64,76,1.0
64,81,1.0
64,87,1.0
65,19,1.0
65,20,1.0
65,25,1.0
65,27,1.0
65,28,1.0
65,48,1.0
65,55,1.0
65,61,1.0
65,63,1.0
65,72,1.0
66,83,1.0
67,14,1.0
67,19,1.0
67,24,1.0
67,25,1.0
67,27,1.0
67,28,1.0
67,32,1.0
67,35,1.0
67,36,1.0
67,48,1.0
67,59,1.0
67,76,1.0
67,81,1.0
67,86,1.0
67,88,1.0
68,7,1.0
68,25,1.0
69,19,1.0
69,24,1.0
69,34,1.0
69,36,1.0
69,55,1.0
69,57,1.0
69,72,1.0
69,88,1.0
69,91,1.0
70,42,1.0
70,83,1.0
71,32,1.0
71,76,1.0
71,81,1.0
71,83,1.0
72,7,1.0
72,18,1.0
72,19,1.0
72,24,1.0
72,28,1.0
72,36,1.0
72,41,1.0
72,48,1.0
72,54,1.0
72,74,1.0
72,75,1.0
72,76,1.0
72,83,1.0
72,87,1.0
73,24,1.0
73,27,1.0
73,36,1.0
73,41,1.0
73,48,1.0
73,55,1.0
73,61,1.0
73,65,1.0
73,72,1.0
73,76,1.0
73,81,1.0
73,87,1.0
73,88,1.0
74,13,1.0
74,52,1.0
74,54,1.0
74,84,1.0
75,10,1.0
75,19,1.0
75,27,1.0
75,28,1.0
75,36,1.0
75,63,1.0
75,65,1.0
75,76,1.0
75,86,1.0
75,94,1.0
76,7,1.0
76,61,1.0
77,87,1.0
78,26,1.0
78,42,1.0
78,52,1.0
78,54,1.0
79,13,1.0
79,81,1.0
79,83,1.0
80,15,1.0
80,19,1.0
80,24,1.0
80,25,1.0
80,36,1.0
80,41,1.0
80,42,1.0
80,54,1.0
80,55,1.0
80,76,1.0
80,86,1.0
81,13,1.0
81,19,1.0
81,25,1.0
81,28,1.0
81,35,1.0
81,41,1.0
81,55,1.0
81,61,1.0
81,63,1.0
81,65,1.0
81,76,1.0
82,14,1.0
82,27,1.0
82,41,1.0
82,48,1.0
82,54,1.0
82,63,1.0
82,64,1.0
82,66,1.0
82,76,1.0
83,7,1.0
83,32,1.0
83,61,1.0
84,19,1.0
84,25,1.0
84,27,1.0
84,28,1.0
84,32,1.0
84,35,1.0
84,36,1.0
84,41,1.0
84,52,1.0
84,63,1.0
84,65,1.0
84,72,1.0
84,75,1.0
84,88,1.0
85,25,1.0
85,76,1.0
86,9,1.0
86,19,1.0
86,24,1.0
86,27,1.0
86,28,1.0
86,36,1.0
86,48,1.0
86,52,1.0
86,53,1.0
86,61,1.0
86,65,1.0
86,87,1.0
87,32,1.0
87,54,1.0
88,7,1.0
88,81,1.0
89,25,1.0
90,32,1.0
91,25,1.0
91,32,1.0
91,76,1.0
92,76,1.0
93,7,1.0
93,24,1.0
93,25,1.0
93,48,1.0
93,55,1.0
93,65,1.0
93,75,1.0
93,76,1.0
93,87,1.0
93,88,1.0
94,25,1.0
94,49,1.0
94,76,1.0
95,7,1.0
95,32,1.0
95,73,1.0
95,76,1.0
97,19,1.0
97,41,1.0
97,48,1.0
97,63,1.0
97,72,1.0
97,75,1.0
97,86,1.0
98,42,1.0
98,76,1.0
99,54,1.0
99,76,1.0
99,81,1.0
100,7,1.0
100,52,1.0
100,76,1.0
